start=40.662190
volume=75.000000
