start=2.469128
volume=85.000000
