start=197.630756
volume=75.000000
