start=29.175669
pause=yes
volume=90.000000
